t: 0.059999999999 start: 1 end: 6 0.000012 0.000956 0.019733 0.146519 0.426161 0.406619 
t: 0.054545454544 start: 1 end: 6 0.000004 0.000670 0.015534 0.127922 0.414284 0.441586 
t: 0.049999999999 start: 1 end: 6 0.000002 0.000467 0.012357 0.112815 0.401823 0.472536 
t: 0.046153846153 start: 1 end: 6 0.000001 0.000343 0.010084 0.099967 0.388914 0.500691 
t: 0.042857142857 start: 1 end: 6 0.000001 0.000246 0.008337 0.089274 0.376075 0.526067 
t: 0.040000000000 start: 2 end: 6 0.000171 0.006961 0.080010 0.363833 0.549025 
t: 0.037500000000 start: 2 end: 6 0.000131 0.005893 0.072059 0.351986 0.569931 
t: 0.035294117647 start: 2 end: 6 0.000096 0.004979 0.065296 0.340749 0.588880 
t: 0.033333333333 start: 2 end: 6 0.000073 0.004241 0.059384 0.329710 0.606592 
t: 0.031578947368 start: 2 end: 6 0.000060 0.003670 0.054154 0.319316 0.622800 
t: 0.030000000000 start: 2 end: 6 0.000045 0.003190 0.049606 0.309572 0.637587 
t: 0.028571428571 start: 2 end: 6 0.000040 0.002788 0.045657 0.300191 0.651324 
t: 0.027272727273 start: 2 end: 6 0.000035 0.002448 0.042109 0.291446 0.663962 
t: 0.026086956522 start: 2 end: 6 0.000024 0.002160 0.039106 0.282771 0.675939 
t: 0.025000000000 start: 2 end: 6 0.000023 0.001921 0.036314 0.274755 0.686987 
t: 0.024000000000 start: 2 end: 6 0.000021 0.001684 0.033794 0.266964 0.697537 
t: 0.023076923077 start: 2 end: 6 0.000017 0.001513 0.031542 0.259629 0.707299 
t: 0.022222222222 start: 2 end: 6 0.000015 0.001355 0.029488 0.252715 0.716427 
t: 0.021428571428 start: 2 end: 6 0.000011 0.001226 0.027565 0.246068 0.725130 
t: 0.020689655172 start: 2 end: 6 0.000010 0.001110 0.025866 0.239771 0.733243 
t: 0.020000000000 start: 2 end: 6 0.000010 0.000994 0.024275 0.233774 0.740947 
t: 0.019354838710 start: 2 end: 6 0.000008 0.000899 0.022840 0.227979 0.748274 
t: 0.018750000000 start: 2 end: 6 0.000008 0.000820 0.021602 0.222573 0.754997 
t: 0.018181818182 start: 2 end: 6 0.000008 0.000758 0.020434 0.217448 0.761352 
t: 0.017647058823 start: 2 end: 6 0.000006 0.000694 0.019438 0.212432 0.767430 
t: 0.017142857143 start: 2 end: 6 0.000005 0.000638 0.018411 0.207762 0.773184 
t: 0.016666666667 start: 2 end: 6 0.000005 0.000584 0.017414 0.203263 0.778734 
t: 0.016216216216 start: 2 end: 6 0.000005 0.000527 0.016573 0.198928 0.783967 
t: 0.015789473684 start: 2 end: 6 0.000004 0.000494 0.015796 0.194668 0.789038 
t: 0.015384615385 start: 2 end: 6 0.000004 0.000455 0.015007 0.190689 0.793845 
t: 0.015000000000 start: 2 end: 6 0.000003 0.000430 0.014264 0.186808 0.798495 
t: 0.014634146341 start: 2 end: 6 0.000002 0.000392 0.013601 0.183141 0.802864 
t: 0.014285714286 start: 2 end: 6 0.000002 0.000371 0.013045 0.179599 0.806983 
t: 0.013953488372 start: 2 end: 6 0.000002 0.000349 0.012500 0.176103 0.811046 
t: 0.013636363636 start: 2 end: 6 0.000002 0.000323 0.012009 0.172775 0.814891 
t: 0.013333333333 start: 2 end: 6 0.000001 0.000304 0.011523 0.169578 0.818594 
t: 0.013043478261 start: 3 end: 6 0.000288 0.011032 0.166515 0.822165 
t: 0.012765957447 start: 3 end: 6 0.000275 0.010582 0.163552 0.825591 
t: 0.012500000000 start: 3 end: 6 0.000264 0.010167 0.160659 0.828910 
t: 0.012244897959 start: 3 end: 6 0.000245 0.009777 0.157946 0.832032 
t: 0.012000000000 start: 3 end: 6 0.000230 0.009441 0.155275 0.835054 
t: 0.011764705882 start: 3 end: 6 0.000216 0.009108 0.152707 0.837969 
t: 0.011538461538 start: 3 end: 6 0.000197 0.008790 0.150158 0.840855 
t: 0.011320754717 start: 3 end: 6 0.000186 0.008485 0.147675 0.843654 
t: 0.011111111111 start: 3 end: 6 0.000171 0.008213 0.145325 0.846291 
t: 0.010909090909 start: 3 end: 6 0.000161 0.007918 0.143114 0.848807 
t: 0.010714285714 start: 3 end: 6 0.000155 0.007650 0.140690 0.851505 
t: 0.010526315789 start: 3 end: 6 0.000148 0.007388 0.138568 0.853896 
t: 0.010344827586 start: 3 end: 6 0.000138 0.007141 0.136556 0.856165 
t: 0.010169491525 start: 3 end: 6 0.000129 0.006907 0.134514 0.858450 
t: 0.010000000000 start: 3 end: 6 0.000127 0.006659 0.132531 0.860683 
t: 0.008448275866 start: 3 end: 6 0.000074 0.004839 0.114180 0.880907 
t: 0.007313432839 start: 3 end: 6 0.000044 0.003632 0.100170 0.896154 
t: 0.006447368423 start: 3 end: 6 0.000034 0.002860 0.089262 0.907844 
t: 0.005764705884 start: 3 end: 6 0.000026 0.002267 0.080558 0.917149 
t: 0.005212765959 start: 3 end: 6 0.000019 0.001878 0.073190 0.924913 
t: 0.004757281555 start: 3 end: 6 0.000017 0.001564 0.067082 0.931337 
t: 0.004375000001 start: 3 end: 6 0.000014 0.001318 0.062009 0.936659 
t: 0.004049586778 start: 3 end: 6 0.000012 0.001145 0.057511 0.941332 
t: 0.003769230770 start: 3 end: 6 0.000011 0.001001 0.053689 0.945299 
t: 0.003525179857 start: 3 end: 6 0.000010 0.000880 0.050390 0.948720 
t: 0.003310810811 start: 3 end: 6 0.000007 0.000781 0.047537 0.951675 
t: 0.003121019109 start: 3 end: 6 0.000006 0.000692 0.044915 0.954387 
t: 0.002951807229 start: 3 end: 6 0.000006 0.000621 0.042515 0.956858 
t: 0.002800000000 start: 3 end: 6 0.000005 0.000569 0.040366 0.959060 
t: 0.002663043479 start: 3 end: 6 0.000005 0.000515 0.038440 0.961040 
t: 0.002538860104 start: 3 end: 6 0.000005 0.000471 0.036778 0.962746 
t: 0.002425742574 start: 3 end: 6 0.000004 0.000439 0.035163 0.964394 
t: 0.002322274882 start: 3 end: 6 0.000004 0.000402 0.033693 0.965901 
t: 0.002227272727 start: 3 end: 6 0.000003 0.000374 0.032313 0.967310 
t: 0.002139737991 start: 3 end: 6 0.000003 0.000349 0.031096 0.968552 
t: 0.002058823530 start: 3 end: 6 0.000002 0.000326 0.029925 0.969747 
t: 0.001983805668 start: 3 end: 6 0.000002 0.000303 0.028871 0.970824 
t: 0.001914062500 start: 3 end: 6 0.000002 0.000275 0.027919 0.971804 
t: 0.001849056604 start: 3 end: 6 0.000002 0.000249 0.027007 0.972742 
t: 0.001788321168 start: 3 end: 6 0.000002 0.000233 0.026096 0.973669 
t: 0.001731448763 start: 3 end: 6 0.000001 0.000221 0.025268 0.974510 
t: 0.001678082192 start: 3 end: 6 0.000001 0.000209 0.024498 0.975292 
t: 0.001627906977 start: 3 end: 6 0.000001 0.000200 0.023785 0.976014 
t: 0.001580645161 start: 4 end: 6 0.000195 0.023081 0.976724 
t: 0.001536050157 start: 4 end: 6 0.000181 0.022470 0.977349 
t: 0.001493902439 start: 4 end: 6 0.000171 0.021892 0.977937 
t: 0.001454005935 start: 4 end: 6 0.000161 0.021294 0.978545 
t: 0.001416184971 start: 4 end: 6 0.000151 0.020759 0.979090 
t: 0.001380281690 start: 4 end: 6 0.000144 0.020250 0.979606 
t: 0.001346153846 start: 4 end: 6 0.000144 0.019750 0.980106 
t: 0.001313672922 start: 4 end: 6 0.000138 0.019329 0.980533 
t: 0.001282722513 start: 4 end: 6 0.000127 0.018878 0.980995 
t: 0.001253196931 start: 4 end: 6 0.000120 0.018461 0.981419 
t: 0.001225000000 start: 4 end: 6 0.000109 0.018085 0.981806 
t: 0.001198044010 start: 4 end: 6 0.000104 0.017683 0.982213 
t: 0.001172248804 start: 4 end: 6 0.000097 0.017297 0.982606 
t: 0.001147540984 start: 4 end: 6 0.000096 0.016946 0.982958 
t: 0.001123853211 start: 4 end: 6 0.000093 0.016611 0.983296 
t: 0.001101123596 start: 4 end: 6 0.000086 0.016297 0.983617 
t: 0.001079295154 start: 4 end: 6 0.000079 0.015971 0.983950 
t: 0.001058315335 start: 4 end: 6 0.000078 0.015669 0.984253 
t: 0.001038135593 start: 4 end: 6 0.000077 0.015369 0.984554 
t: 0.001018711019 start: 4 end: 6 0.000072 0.015092 0.984836 
t: 0.001000000000 start: 4 end: 6 0.000070 0.014855 0.985075 
