t: 0.059999999999 start: 1 end: 8 0.000001 0.000051 0.001498 0.018498 0.106277 0.298216 0.389374 0.186085 
t: 0.054545454544 start: 2 end: 8 0.000030 0.000983 0.013772 0.087956 0.276470 0.403749 0.217040 
t: 0.049999999999 start: 2 end: 8 0.000023 0.000683 0.010436 0.073465 0.255638 0.413227 0.246528 
t: 0.046153846153 start: 2 end: 8 0.000018 0.000449 0.008092 0.062054 0.235678 0.419279 0.274430 
t: 0.042857142857 start: 2 end: 8 0.000013 0.000311 0.006357 0.052843 0.217637 0.421739 0.301100 
t: 0.040000000000 start: 2 end: 8 0.000010 0.000220 0.005049 0.045276 0.201285 0.422028 0.326132 
t: 0.037500000000 start: 2 end: 8 0.000008 0.000164 0.004043 0.039068 0.186429 0.420632 0.349656 
t: 0.035294117647 start: 2 end: 8 0.000005 0.000117 0.003308 0.033894 0.173169 0.417431 0.372076 
t: 0.033333333333 start: 2 end: 8 0.000002 0.000088 0.002727 0.029607 0.160941 0.413523 0.393112 
t: 0.031578947368 start: 2 end: 8 0.000001 0.000072 0.002256 0.025991 0.149772 0.408736 0.413172 
t: 0.030000000000 start: 2 end: 8 0.000001 0.000053 0.001861 0.022978 0.139819 0.403344 0.431944 
t: 0.028571428571 start: 2 end: 8 0.000001 0.000042 0.001533 0.020531 0.130587 0.397879 0.449427 
t: 0.027272727273 start: 2 end: 8 0.000001 0.000034 0.001293 0.018274 0.122448 0.392126 0.465824 
t: 0.026086956522 start: 2 end: 8 0.000001 0.000029 0.001097 0.016362 0.114860 0.385977 0.481674 
t: 0.025000000000 start: 2 end: 8 0.000001 0.000024 0.000933 0.014641 0.107996 0.379830 0.496575 
t: 0.024000000000 start: 2 end: 8 0.000001 0.000023 0.000794 0.013213 0.101861 0.373404 0.510704 
t: 0.023076923077 start: 3 end: 8 0.000020 0.000691 0.011904 0.096099 0.367430 0.523856 
t: 0.022222222222 start: 3 end: 8 0.000018 0.000600 0.010783 0.090770 0.361353 0.536476 
t: 0.021428571428 start: 3 end: 8 0.000014 0.000519 0.009798 0.085811 0.355573 0.548285 
t: 0.020689655172 start: 3 end: 8 0.000013 0.000458 0.008922 0.081299 0.349660 0.559648 
t: 0.020000000000 start: 3 end: 8 0.000010 0.000398 0.008173 0.077078 0.343725 0.570616 
t: 0.019354838710 start: 3 end: 8 0.000008 0.000348 0.007514 0.073135 0.337979 0.581016 
t: 0.018750000000 start: 3 end: 8 0.000007 0.000290 0.006875 0.069519 0.332387 0.590922 
t: 0.018181818182 start: 3 end: 8 0.000007 0.000253 0.006334 0.066181 0.326780 0.600445 
t: 0.017647058823 start: 3 end: 8 0.000006 0.000229 0.005793 0.063144 0.321175 0.609653 
t: 0.017142857143 start: 3 end: 8 0.000006 0.000210 0.005346 0.060125 0.315878 0.618435 
t: 0.016666666667 start: 3 end: 8 0.000005 0.000194 0.004978 0.057348 0.310562 0.626913 
t: 0.016216216216 start: 3 end: 8 0.000003 0.000176 0.004613 0.054847 0.305257 0.635104 
t: 0.015789473684 start: 3 end: 8 0.000003 0.000155 0.004285 0.052448 0.300466 0.642643 
t: 0.015384615385 start: 3 end: 8 0.000002 0.000140 0.003979 0.050256 0.295601 0.650022 
t: 0.015000000000 start: 3 end: 8 0.000001 0.000130 0.003690 0.048213 0.290812 0.657154 
t: 0.014634146341 start: 4 end: 8 0.000121 0.003411 0.046222 0.286176 0.664070 
t: 0.014285714286 start: 4 end: 8 0.000114 0.003190 0.044361 0.281808 0.670527 
t: 0.013953488372 start: 4 end: 8 0.000102 0.003021 0.042608 0.277505 0.676764 
t: 0.013636363636 start: 4 end: 8 0.000089 0.002867 0.040983 0.273281 0.682780 
t: 0.013333333333 start: 4 end: 8 0.000078 0.002682 0.039450 0.269207 0.688583 
t: 0.013043478261 start: 4 end: 8 0.000073 0.002520 0.038051 0.265137 0.694219 
t: 0.012765957447 start: 4 end: 8 0.000067 0.002393 0.036613 0.261313 0.699614 
t: 0.012500000000 start: 4 end: 8 0.000066 0.002228 0.035326 0.257566 0.704814 
t: 0.012244897959 start: 4 end: 8 0.000058 0.002107 0.034105 0.253893 0.709837 
t: 0.012000000000 start: 4 end: 8 0.000056 0.001980 0.032953 0.250342 0.714669 
t: 0.011764705882 start: 4 end: 8 0.000048 0.001876 0.031832 0.246924 0.719320 
t: 0.011538461538 start: 4 end: 8 0.000046 0.001745 0.030755 0.243703 0.723751 
t: 0.011320754717 start: 4 end: 8 0.000042 0.001668 0.029756 0.240431 0.728103 
t: 0.011111111111 start: 4 end: 8 0.000039 0.001592 0.028779 0.237197 0.732393 
t: 0.010909090909 start: 4 end: 8 0.000035 0.001505 0.027856 0.234027 0.736577 
t: 0.010714285714 start: 4 end: 8 0.000034 0.001415 0.027036 0.230967 0.740548 
t: 0.010526315789 start: 4 end: 8 0.000033 0.001354 0.026165 0.227950 0.744498 
t: 0.010344827586 start: 4 end: 8 0.000032 0.001276 0.025363 0.224945 0.748384 
t: 0.010169491525 start: 4 end: 8 0.000030 0.001221 0.024588 0.222056 0.752105 
t: 0.010000000000 start: 4 end: 8 0.000028 0.001181 0.023835 0.219217 0.755739 
t: 0.008448275866 start: 4 end: 8 0.000015 0.000717 0.017641 0.192351 0.789276 
t: 0.007313432839 start: 4 end: 8 0.000005 0.000470 0.013487 0.171179 0.814859 
t: 0.006447368423 start: 4 end: 8 0.000003 0.000323 0.010656 0.154056 0.834962 
t: 0.005764705884 start: 4 end: 8 0.000002 0.000217 0.008668 0.140172 0.850941 
t: 0.005212765959 start: 4 end: 8 0.000002 0.000165 0.007150 0.128466 0.864217 
t: 0.004757281555 start: 4 end: 8 0.000001 0.000127 0.005945 0.118526 0.875401 
t: 0.004375000001 start: 4 end: 8 0.000001 0.000095 0.005044 0.110090 0.884770 
t: 0.004049586778 start: 5 end: 8 0.000076 0.004359 0.102727 0.892838 
t: 0.003769230770 start: 5 end: 8 0.000063 0.003780 0.096266 0.899891 
t: 0.003525179857 start: 5 end: 8 0.000051 0.003278 0.090472 0.906199 
t: 0.003310810811 start: 5 end: 8 0.000045 0.002899 0.085407 0.911649 
t: 0.003121019109 start: 5 end: 8 0.000032 0.002583 0.080909 0.916476 
t: 0.002951807229 start: 5 end: 8 0.000029 0.002326 0.076782 0.920863 
t: 0.002800000000 start: 5 end: 8 0.000023 0.002066 0.073292 0.924619 
t: 0.002663043479 start: 5 end: 8 0.000019 0.001876 0.069916 0.928189 
t: 0.002538860104 start: 5 end: 8 0.000017 0.001725 0.066808 0.931450 
t: 0.002425742574 start: 5 end: 8 0.000017 0.001580 0.064001 0.934402 
t: 0.002322274882 start: 5 end: 8 0.000015 0.001429 0.061520 0.937036 
t: 0.002227272727 start: 5 end: 8 0.000013 0.001313 0.059123 0.939551 
t: 0.002139737991 start: 5 end: 8 0.000010 0.001225 0.056931 0.941834 
t: 0.002058823530 start: 5 end: 8 0.000007 0.001141 0.054882 0.943970 
t: 0.001983805668 start: 5 end: 8 0.000005 0.001072 0.052967 0.945956 
t: 0.001914062500 start: 5 end: 8 0.000005 0.000987 0.051191 0.947817 
t: 0.001849056604 start: 5 end: 8 0.000005 0.000928 0.049569 0.949498 
t: 0.001788321168 start: 5 end: 8 0.000004 0.000867 0.048079 0.951050 
t: 0.001731448763 start: 5 end: 8 0.000004 0.000806 0.046654 0.952536 
t: 0.001678082192 start: 5 end: 8 0.000004 0.000753 0.045251 0.953992 
t: 0.001627906977 start: 5 end: 8 0.000004 0.000712 0.044007 0.955277 
t: 0.001580645161 start: 5 end: 8 0.000004 0.000667 0.042819 0.956510 
t: 0.001536050157 start: 5 end: 8 0.000004 0.000630 0.041642 0.957724 
t: 0.001493902439 start: 5 end: 8 0.000004 0.000588 0.040535 0.958873 
t: 0.001454005935 start: 5 end: 8 0.000004 0.000546 0.039483 0.959967 
t: 0.001416184971 start: 5 end: 8 0.000004 0.000519 0.038459 0.961018 
t: 0.001380281690 start: 5 end: 8 0.000004 0.000479 0.037541 0.961976 
t: 0.001346153846 start: 5 end: 8 0.000004 0.000455 0.036586 0.962955 
t: 0.001313672922 start: 5 end: 8 0.000004 0.000434 0.035772 0.963790 
t: 0.001282722513 start: 5 end: 8 0.000004 0.000412 0.034916 0.964668 
t: 0.001253196931 start: 5 end: 8 0.000004 0.000390 0.034146 0.965460 
t: 0.001225000000 start: 5 end: 8 0.000003 0.000377 0.033414 0.966206 
t: 0.001198044010 start: 5 end: 8 0.000003 0.000359 0.032660 0.966978 
t: 0.001172248804 start: 5 end: 8 0.000003 0.000342 0.031990 0.967665 
t: 0.001147540984 start: 5 end: 8 0.000003 0.000318 0.031312 0.968367 
t: 0.001123853211 start: 5 end: 8 0.000003 0.000306 0.030652 0.969039 
t: 0.001101123596 start: 5 end: 8 0.000003 0.000296 0.030053 0.969648 
t: 0.001079295154 start: 5 end: 8 0.000003 0.000290 0.029467 0.970240 
t: 0.001058315335 start: 5 end: 8 0.000003 0.000273 0.028874 0.970850 
t: 0.001038135593 start: 5 end: 8 0.000003 0.000265 0.028333 0.971399 
t: 0.001018711019 start: 5 end: 8 0.000003 0.000254 0.027775 0.971968 
t: 0.001000000000 start: 5 end: 8 0.000003 0.000239 0.027306 0.972452 
